0.0
0.07992821931838989
0.09614812582731247
0.09700708836317062
0.09900317341089249
0.10127515345811844
0.10259200632572174
0.10317203402519226
0.10382606089115143
0.10439195483922958
0.10497491806745529
1.1441946029663086
1.1106473207473755
1.2956029176712036
1.227088451385498
1.3024331331253052
1.2917996644973755
1.3806096315383911
1.4312324523925781
1.4211444854736328
1.4854929447174072
1.5033880472183228
1.5942939519882202
1.6811854839324951
1.6926215887069702
1.688803791999817
1.6499452590942383
1.663953423500061
1.687841773033142
1.7444261312484741
1.7866642475128174
1.7047616243362427
1.7262990474700928
1.745956540107727
1.7044833898544312
1.7240630388259888
1.6793711185455322
1.7110363245010376
1.6772328615188599
1.6845433712005615
1.6645725965499878
1.6989336013793945
1.7424083948135376
1.7229888439178467
1.6946555376052856
1.721520185470581
1.7347170114517212
1.7134711742401123
1.7980225086212158
1.8692337274551392
1.837646484375
1.8331737518310547
1.8232440948486328
1.8246256113052368
1.805290937423706
1.8017200231552124
1.772576928138733
1.7674291133880615
1.7876003980636597
1.8381181955337524
1.7733992338180542
1.746903657913208
1.6967649459838867
1.7262424230575562
1.903041958808899
1.9405328035354614
1.8808307647705078
1.8915365934371948
1.9044502973556519
1.912297248840332
1.889304757118225
1.8980023860931396
1.8328052759170532
1.8983184099197388
1.9193450212478638
1.9745466709136963
1.9597625732421875
1.99309241771698
2.0051465034484863
2.0134799480438232
1.9711686372756958
1.9704917669296265
2.0337107181549072
2.0442142486572266
1.9970935583114624
1.9763069152832031
1.9508464336395264
2.015284538269043
2.003016471862793
2.0335135459899902
2.0041775703430176
2.002755880355835
2.0909225940704346
2.0045077800750732
2.0184640884399414
2.068438768386841
2.0957510471343994
2.1723620891571045
2.1039505004882813
2.087451696395874
2.169673204421997
2.19503116607666
2.1937193870544434
2.1762585639953613
2.2163093090057373
2.1345179080963135
2.166825294494629
2.135554790496826
2.0688419342041016
2.1325597763061523
2.070465087890625
2.0542075634002686
2.1269752979278564
2.083538770675659
2.255265951156616
2.2753612995147705
2.3183212280273438
2.2570924758911133
2.2944114208221436
2.272587776184082
2.1801259517669678
2.165144443511963
2.1671719551086426
2.146204948425293
2.1388068199157715
2.200873851776123
2.149415969848633
2.2035109996795654
2.2035982608795166
2.144850492477417
2.190868616104126
2.1507418155670166
2.106778144836426
2.0565850734710693
1.9772573709487915
2.037196159362793
2.027235984802246
2.0724573135375977
2.121699810028076
2.1909685134887695
2.119218349456787
2.005167245864868
2.0839719772338867
2.0740468502044678
2.0994787216186523
2.0938310623168945
2.1729674339294434
2.1705851554870605
2.2252516746520996
2.1676125526428223
2.176603317260742
2.232161521911621
2.244027614593506
2.182943105697632
2.087116003036499
2.138073444366455
2.094923496246338
2.110567569732666
2.09836745262146
2.118959903717041
2.1846442222595215
2.15712833404541
2.090979814529419
2.1371545791625977
2.1333789825439453
2.172246217727661
2.107025384902954
2.261263847351074
2.254542112350464
2.1862902641296387
2.254528045654297
2.278386354446411
2.2904155254364014
2.2949469089508057
2.3188588619232178
2.379333972930908
2.3268115520477295
2.26243257522583
2.2670795917510986
2.240595817565918
2.19758939743042
2.1771419048309326
2.1926846504211426
2.170092821121216
2.199662685394287
2.229290246963501
2.133035898208618
2.110852003097534
2.1295042037963867
2.1211841106414795
2.231581211090088
2.224270820617676
2.2190988063812256
2.204756736755371
2.1809444427490234
2.217918634414673
2.28047513961792
2.1832635402679443
2.156524181365967
2.2481610774993896
2.220978021621704
2.225554943084717
2.2376301288604736
2.2488157749176025
2.2327728271484375
2.226731538772583
2.3057007789611816
2.256251335144043
2.2098803520202637
2.152822971343994
2.1785593032836914
2.179706573486328
2.161971092224121
2.225978374481201
2.2547597885131836
2.250783920288086
2.2453601360321045
2.220438241958618
2.274087905883789
2.3004884719848633
2.3014469146728516
2.175260066986084
2.1666760444641113
2.248206377029419
2.3255887031555176
2.2986257076263428
2.292987108230591
2.4319560527801514
2.4028079509735107
2.4663009643554688
2.411141872406006
2.3736190795898438
2.3918819427490234
2.3945562839508057
2.320690155029297
2.277921676635742
2.33586049079895
2.308244228363037
2.2768428325653076
2.2950210571289063
2.279843807220459
2.3434019088745117
2.311243772506714
2.2788472175598145
2.3025636672973633
2.3043999671936035
2.3922948837280273
2.36824107170105
2.426039457321167
2.4376237392425537
2.3928744792938232
2.471823215484619
2.486870765686035
2.429689645767212
2.3389675617218018
2.356532096862793
2.368443489074707
2.4044017791748047
2.446869134902954
2.5012519359588623
2.428758382797241
2.4876902103424072
2.5073800086975098
2.4410650730133057
2.490291118621826
2.5095551013946533
2.5148487091064453
2.4957659244537354
