0.0
0.18847066164016724
0.18959195911884308
0.19024647772312164
0.1908591240644455
0.19148927927017212
0.19553662836551666
0.19634658098220825
0.19698792695999146
0.1975405514240265
0.19800309836864471
1.044502854347229
0.9903068542480469
1.1800460815429688
1.1512519121170044
1.2478177547454834
1.1995843648910522
1.298134684562683
1.380092740058899
1.3447246551513672
1.4128646850585938
1.4187684059143066
1.4493696689605713
1.4562597274780273
1.4452084302902222
1.4618664979934692
1.5176961421966553
1.4796053171157837
1.5662070512771606
1.5570495128631592
1.5439848899841309
1.5751081705093384
1.5335570573806763
1.5489559173583984
1.5347493886947632
1.5028223991394043
1.5433253049850464
1.5611847639083862
1.571325659751892
1.576919674873352
1.5938584804534912
1.5612828731536865
1.5027028322219849
1.5321544408798218
1.5468329191207886
1.5306090116500854
1.6198503971099854
1.6334583759307861
1.6749366521835327
1.703160047531128
1.6741529703140259
1.6278297901153564
1.662508249282837
1.673870325088501
1.6547764539718628
1.6659876108169556
1.7126837968826294
1.6701009273529053
1.6574714183807373
1.717604398727417
1.7220059633255005
1.7018482685089111
1.6921058893203735
1.7317347526550293
1.6663709878921509
1.661271333694458
1.6322720050811768
1.6237008571624756
1.664257526397705
1.631780982017517
1.6178936958312988
1.7160428762435913
1.732033610343933
1.770704984664917
1.746870994567871
1.7495291233062744
1.8052672147750854
1.7616114616394043
1.7602736949920654
1.7469443082809448
1.7711001634597778
1.7400505542755127
1.797459363937378
1.8086919784545898
1.7582141160964966
1.755964756011963
1.8350574970245361
1.7518998384475708
1.7261327505111694
1.7557040452957153
1.795960545539856
1.7436991930007935
1.7960560321807861
1.7551865577697754
1.794550895690918
1.8266488313674927
1.8509531021118164
1.8376438617706299
1.859302043914795
1.800258755683899
1.8134207725524902
1.754356861114502
1.7150988578796387
1.7622495889663696
1.769065022468567
1.860707402229309
1.8328639268875122
1.9031411409378052
1.9928598403930664
2.0231800079345703
2.0464682579040527
2.050727367401123
2.085631847381592
2.0708770751953125
2.092592477798462
2.241483211517334
2.174095869064331
2.161421775817871
2.15852689743042
2.2604222297668457
2.2682621479034424
2.142857789993286
2.158802032470703
2.1746819019317627
2.171215772628784
2.2835259437561035
2.3267712593078613
2.29291033744812
2.220891237258911
2.0442991256713867
2.036191701889038
2.025453805923462
2.119129180908203
2.1850969791412354
2.1602582931518555
2.156156063079834
2.0742814540863037
2.1169991493225098
2.117030143737793
2.1846184730529785
2.1192667484283447
2.1393492221832275
2.1892106533050537
2.2090823650360107
2.2291533946990967
2.189072847366333
2.404707670211792
2.365856170654297
2.408057451248169
2.3866806030273438
2.4547905921936035
2.435556411743164
2.413668155670166
2.441211700439453
2.5157229900360107
2.4928104877471924
2.3437154293060303
2.3275504112243652
2.3221206665039063
2.3176755905151367
2.2590343952178955
2.340758800506592
2.369288444519043
2.40132737159729
2.4954886436462402
2.392766237258911
2.3930110931396484
2.412709951400757
2.3988683223724365
2.3979086875915527
2.354684352874756
2.426753282546997
2.397874355316162
2.348095655441284
2.4071004390716553
2.40305233001709
2.502533197402954
2.5188658237457275
2.478553533554077
2.5402090549468994
2.5274393558502197
2.4516193866729736
2.537897825241089
2.620680570602417
2.530106782913208
2.4037728309631348
2.411608934402466
2.371182441711426
2.3748016357421875
2.3753530979156494
2.491027355194092
2.4787347316741943
2.468867540359497
2.469874382019043
2.3856728076934814
2.348461151123047
2.3591885566711426
2.2932238578796387
2.2742016315460205
2.274390697479248
2.1986539363861084
2.180691957473755
2.187675952911377
2.186459541320801
2.185145378112793
2.200514554977417
2.156355619430542
2.142483711242676
2.1697239875793457
2.1518688201904297
2.193026065826416
2.282261848449707
2.3285250663757324
2.32183837890625
2.38508939743042
2.4567770957946777
2.4525301456451416
2.306572437286377
2.287714719772339
2.194281578063965
2.272653818130493
2.304739475250244
2.262397050857544
2.3425464630126953
2.361670970916748
2.2978627681732178
2.212045669555664
2.1786580085754395
2.3556017875671387
2.2802212238311768
2.2885425090789795
2.293503522872925
2.2714152336120605
2.2843258380889893
2.337352991104126
2.3557865619659424
2.3003199100494385
2.2693841457366943
2.246129274368286
2.1602578163146973
2.233703851699829
2.2692482471466064
2.2970423698425293
2.3444197177886963
2.3820064067840576
2.3349416255950928
2.320202112197876
2.3724870681762695
2.4206576347351074
2.506247043609619
2.4376907348632813
2.4044981002807617
2.380544424057007
2.460726737976074
2.571316719055176
2.395181655883789
2.3678815364837646
2.3148839473724365
2.366628885269165
2.5129189491271973
2.5475704669952393
2.4891350269317627
2.522559642791748
2.5515525341033936
2.4571080207824707
2.4391345977783203
2.3747377395629883
2.4102253913879395
