0.0
0.06223667785525322
0.06562024354934692
0.06635723263025284
0.066575787961483
0.06695105135440826
0.067094586789608
0.06730668991804123
0.06807543337345123
0.06856412440538406
0.06908951699733734
1.0033115148544312
0.885295033454895
1.127676010131836
1.056525707244873
1.208036184310913
1.131872296333313
1.2940422296524048
1.2681970596313477
1.2906138896942139
1.352771282196045
1.3214409351348877
1.3930808305740356
1.3682247400283813
1.4860613346099854
1.5416637659072876
1.6121373176574707
1.6734501123428345
1.6283410787582397
1.702439546585083
1.6831812858581543
1.5503002405166626
1.6042839288711548
1.5314390659332275
1.5455163717269897
1.5363247394561768
1.5302278995513916
1.5188418626785278
1.4904847145080566
1.512622356414795
1.5465794801712036
1.593375563621521
1.6249558925628662
1.5724915266036987
1.5831778049468994
1.6195341348648071
1.6663274765014648
1.6183873414993286
1.667150616645813
1.6174147129058838
1.740824580192566
1.6208521127700806
1.6484313011169434
1.6577154397964478
1.6250118017196655
1.6683956384658813
1.6901956796646118
1.6999599933624268
1.634469747543335
1.6856368780136108
1.670530080795288
1.6800366640090942
1.6553212404251099
1.7468181848526
1.7229294776916504
1.7057716846466064
1.6241967678070068
1.7050549983978271
1.647361397743225
1.6384633779525757
1.6812617778778076
1.7414398193359375
1.6944444179534912
1.7333093881607056
1.6654162406921387
1.5979782342910767
1.642122507095337
1.633881688117981
1.7164911031723022
1.6747171878814697
1.7728270292282104
1.638079285621643
1.690405011177063
1.6791579723358154
1.6547671556472778
1.6523191928863525
1.6656497716903687
1.601850152015686
1.696576714515686
1.684450626373291
1.6677159070968628
1.709861159324646
1.7416712045669556
1.757578730583191
1.8638662099838257
1.937558889389038
1.8572602272033691
1.8561744689941406
1.8903224468231201
2.092397451400757
2.120406150817871
1.9920495748519897
1.8738545179367065
1.9242281913757324
2.0145785808563232
2.0121939182281494
2.0568313598632813
1.9697855710983276
2.0023207664489746
1.9991377592086792
1.9425381422042847
1.9461654424667358
1.9912011623382568
2.038337469100952
1.99269700050354
1.953627586364746
1.8443889617919922
1.8296990394592285
1.9201091527938843
1.9240487813949585
1.8728234767913818
1.8624941110610962
1.944856882095337
1.9370039701461792
1.961845874786377
1.9830094575881958
1.985572338104248
1.9223769903182983
1.9570859670639038
2.0665345191955566
1.996888279914856
1.8904482126235962
2.0000405311584473
2.0394110679626465
2.043074131011963
2.0993690490722656
2.1577413082122803
2.1002843379974365
2.1444311141967773
2.151275873184204
2.0392982959747314
2.0733883380889893
2.1678380966186523
2.1837127208709717
2.261326551437378
2.1662869453430176
2.060424566268921
2.1885766983032227
2.269726514816284
2.247459888458252
2.2812094688415527
2.2987444400787354
2.2950165271759033
2.225445508956909
2.2291200160980225
2.2834694385528564
2.223665475845337
2.2935502529144287
2.2421984672546387
2.1780917644500732
2.0830771923065186
2.1358964443206787
2.1080663204193115
2.055454730987549
2.058229684829712
1.9777159690856934
1.9882019758224487
1.965050458908081
1.9882785081863403
2.061791181564331
2.130664825439453
2.0760154724121094
2.061821222305298
2.1429102420806885
2.0767736434936523
2.0975098609924316
2.0656955242156982
2.1307990550994873
2.0302138328552246
2.1229095458984375
2.1005735397338867
2.082294464111328
1.9953230619430542
2.0632877349853516
2.072366714477539
2.060779571533203
2.0894041061401367
2.0304534435272217
2.1486833095550537
2.1335673332214355
2.021961212158203
2.0599546432495117
2.0499989986419678
2.0100481510162354
1.9889099597930908
1.989546537399292
1.884953498840332
1.8722507953643799
1.9236226081848145
1.9477521181106567
1.9568361043930054
1.970808744430542
1.9803829193115234
1.9860684871673584
1.9760288000106812
1.9820142984390259
2.0197465419769287
2.008694887161255
1.9807268381118774
1.9731820821762085
2.0087051391601563
2.019080400466919
2.0773580074310303
1.9998383522033691
1.9595224857330322
1.9887415170669556
2.0175235271453857
1.986952304840088
2.014639377593994
2.0474424362182617
2.0663533210754395
2.061258316040039
2.111865758895874
2.1187872886657715
2.0939249992370605
2.0480074882507324
1.9890992641448975
1.9671823978424072
1.933570146560669
2.0215680599212646
2.070985794067383
2.07993483543396
2.0437660217285156
2.0699985027313232
2.048647165298462
2.0556066036224365
2.108682155609131
2.0684762001037598
2.1210145950317383
2.045616865158081
2.056734800338745
2.115983009338379
2.104011297225952
2.173388719558716
2.0826826095581055
2.137373685836792
2.1390514373779297
2.170658826828003
2.2135534286499023
2.1724162101745605
2.2172346115112305
2.062124490737915
2.0103578567504883
1.9598417282104492
1.9289816617965698
1.9914036989212036
2.00726056098938
2.0079309940338135
1.9070801734924316
1.9740184545516968
1.9834591150283813
2.0010902881622314
1.9906327724456787
1.956043004989624
1.9454039335250854
1.9155150651931763
1.8897026777267456
1.9005346298217773
