0.0
0.16046635806560516
0.17570257186889648
0.1771474927663803
0.17827795445919037
0.17917664349079132
0.17991311848163605
0.18065327405929565
0.18160058557987213
0.18275976181030273
0.18355920910835266
1.0676130056381226
1.0182141065597534
1.2710418701171875
1.2710708379745483
1.2767136096954346
1.2501680850982666
1.318253993988037
1.3464688062667847
1.3959627151489258
1.4133797883987427
1.5108323097229004
1.570451021194458
1.5609140396118164
1.5336506366729736
1.5694315433502197
1.6446655988693237
1.7272380590438843
1.7237508296966553
1.766955018043518
1.733604907989502
1.8103529214859009
1.7956548929214478
1.8734993934631348
1.8361504077911377
1.9152207374572754
1.849514126777649
1.949461579322815
2.0360052585601807
1.9837632179260254
2.06091570854187
2.0226619243621826
2.0362131595611572
2.0008435249328613
2.0156619548797607
2.0131049156188965
1.9909340143203735
2.0444908142089844
2.0029640197753906
1.9678157567977905
1.9935057163238525
2.083909034729004
2.077122449874878
2.067931652069092
2.1810684204101563
2.1554222106933594
2.1346869468688965
2.246830940246582
2.184448719024658
2.1898488998413086
2.2237966060638428
2.268059730529785
2.296222448348999
2.2198240756988525
2.222425937652588
2.247872829437256
2.150620222091675
2.195876359939575
2.2193899154663086
2.3896570205688477
2.3275465965270996
2.3598287105560303
2.35455322265625
2.3081164360046387
2.3936846256256104
2.4730684757232666
2.3846049308776855
2.3737740516662598
2.3301734924316406
2.332331657409668
2.243192672729492
2.2838308811187744
2.2854344844818115
2.2302401065826416
2.1914920806884766
2.266338348388672
2.256826400756836
2.2978007793426514
2.253119945526123
2.3114805221557617
2.3741796016693115
2.2557263374328613
2.2037298679351807
2.1391704082489014
2.131448984146118
2.197145700454712
2.1398003101348877
2.1464357376098633
2.2192189693450928
2.2226574420928955
2.313512086868286
2.4768824577331543
2.530120849609375
2.4416043758392334
2.4170870780944824
2.4272048473358154
2.5599184036254883
2.51363468170166
2.6165871620178223
2.5603137016296387
2.527705192565918
2.5745112895965576
2.5662906169891357
2.5910518169403076
2.604214668273926
2.5780866146087646
2.756443500518799
2.693899393081665
2.739388942718506
2.677846908569336
2.662869930267334
2.7087957859039307
2.7281346321105957
2.7166874408721924
2.7263591289520264
2.6617026329040527
2.459332227706909
2.5098299980163574
2.4107396602630615
2.3417017459869385
2.4686756134033203
2.5386273860931396
2.553388833999634
2.5626583099365234
2.4733192920684814
2.485682964324951
2.6096346378326416
2.5692873001098633
2.574082136154175
2.690946340560913
2.7123947143554688
2.774467945098877
2.8106765747070313
2.689570665359497
2.5622596740722656
2.545074939727783
2.6117217540740967
2.608525037765503
2.5851399898529053
2.432425022125244
2.397674083709717
2.3762729167938232
2.4125373363494873
2.3926703929901123
2.3741490840911865
2.3493192195892334
2.4228386878967285
2.3793818950653076
2.3557798862457275
2.3573825359344482
2.2963600158691406
2.380234956741333
2.403956413269043
2.299856185913086
2.357837438583374
2.3727922439575195
2.3546152114868164
2.2976841926574707
2.266576051712036
2.2622671127319336
2.334073543548584
2.183518409729004
2.2603495121002197
2.309840440750122
2.305346965789795
2.3594555854797363
2.4008281230926514
2.526780605316162
2.3691587448120117
2.2938387393951416
2.377265453338623
2.3779518604278564
2.472597122192383
2.3516600131988525
2.3341121673583984
2.314436435699463
2.412307024002075
2.3529770374298096
2.3991665840148926
2.370028018951416
2.4841954708099365
2.419666290283203
2.490508556365967
2.4596729278564453
2.5294225215911865
2.602579355239868
2.5331990718841553
2.550480842590332
2.3580565452575684
2.431154727935791
2.4327001571655273
2.404418706893921
2.392082452774048
2.350557327270508
2.2713077068328857
2.3456130027770996
2.4476306438446045
2.448817729949951
2.501312494277954
2.5136876106262207
2.563352584838867
2.5052027702331543
2.416203737258911
2.4825844764709473
2.5033774375915527
2.4237799644470215
2.413424491882324
2.455416202545166
2.4229440689086914
2.4274508953094482
2.3716914653778076
2.3017520904541016
2.3454902172088623
2.312366247177124
2.362593412399292
2.322310209274292
2.3091771602630615
2.3488962650299072
2.423082113265991
2.405322790145874
2.351902723312378
2.406649589538574
2.3154537677764893
2.3429882526397705
2.3459503650665283
2.3163461685180664
2.2535228729248047
2.240251064300537
2.2934703826904297
2.398501396179199
2.3700430393218994
2.4311423301696777
2.5334866046905518
2.497758626937866
2.432349443435669
2.4184887409210205
2.4129724502563477
2.463651418685913
2.3374245166778564
2.3801934719085693
2.2502777576446533
2.2926480770111084
2.1979241371154785
2.267293930053711
2.2546348571777344
2.261514186859131
2.209317207336426
2.2534289360046387
2.2730181217193604
2.245102643966675
2.22572660446167
2.223163604736328
2.238853693008423
2.19077467918396
2.158541679382324
2.202697277069092
2.1979496479034424
2.2184019088745117
