0.0
0.10801783204078674
0.12480618059635162
0.12680117785930634
0.13181141018867493
0.13225479423999786
0.1326683908700943
0.1329650580883026
0.13333410024642944
0.1337231546640396
0.13596677780151367
1.08449125289917
1.0670366287231445
1.4117100238800049
1.3167566061019897
1.422423243522644
1.4183562994003296
1.4950644969940186
1.6087878942489624
1.5646333694458008
1.5789225101470947
1.52824068069458
1.5428777933120728
1.591597557067871
1.6324427127838135
1.6311596632003784
1.6182246208190918
1.7186959981918335
1.7023166418075562
1.7100324630737305
1.7515695095062256
1.7440202236175537
1.739387035369873
1.8548532724380493
1.7474614381790161
1.7772278785705566
1.685679316520691
1.69645094871521
1.6880933046340942
1.809078335762024
1.8643659353256226
1.8841279745101929
1.8877898454666138
1.8890538215637207
1.9460102319717407
1.8664942979812622
1.8281199932098389
1.7932910919189453
1.879839301109314
1.9032350778579712
1.8955429792404175
1.9499250650405884
1.9721370935440063
1.9230421781539917
1.9328534603118896
1.9083597660064697
1.9424643516540527
1.8973151445388794
1.967573881149292
1.8949148654937744
1.8856961727142334
1.9400804042816162
1.8842558860778809
1.8222005367279053
1.8994559049606323
1.9033169746398926
1.9385204315185547
1.9586273431777954
1.9579849243164063
2.0081825256347656
1.980284571647644
1.95744788646698
2.0066139698028564
1.9297823905944824
1.8655991554260254
1.91640043258667
2.0480146408081055
2.022977352142334
2.1187942028045654
2.149975299835205
2.0894715785980225
2.0058884620666504
1.9583156108856201
1.9984233379364014
2.0389161109924316
2.070917844772339
2.0722873210906982
2.068284749984741
2.1047427654266357
2.14454984664917
2.132452964782715
2.091033458709717
2.0379748344421387
2.0848615169525146
2.002699613571167
1.9680609703063965
1.9354454278945923
1.9556456804275513
1.8832824230194092
1.8916535377502441
1.8849369287490845
1.8745267391204834
1.823625922203064
1.851319432258606
1.8800735473632813
1.8726541996002197
1.8978239297866821
1.989858627319336
1.9843590259552002
2.0776848793029785
2.0072126388549805
1.9811676740646362
1.9416437149047852
1.9674595594406128
1.9496002197265625
1.9675723314285278
1.926245093345642
1.865391731262207
1.8637287616729736
1.9955071210861206
1.9667185544967651
1.9414323568344116
2.000577211380005
2.003627300262451
1.981137990951538
1.9292283058166504
1.8680016994476318
1.9410512447357178
2.030254364013672
2.068582773208618
2.039299726486206
2.1027116775512695
2.0263566970825195
2.0408735275268555
2.017488718032837
1.9782527685165405
1.8658543825149536
1.872747778892517
1.8788998126983643
1.9228435754776
1.9437168836593628
1.8424545526504517
1.9111226797103882
1.9315073490142822
2.0472195148468018
2.0420830249786377
2.077549457550049
2.1078147888183594
2.0642197132110596
2.053666114807129
2.1065475940704346
2.141362190246582
2.151160717010498
2.228747844696045
2.2654991149902344
2.297311544418335
2.39341402053833
2.295973777770996
2.308469772338867
2.180467128753662
2.225255012512207
2.197561025619507
2.2122437953948975
2.286442518234253
2.2405974864959717
2.2333083152770996
2.2970550060272217
2.3463308811187744
2.3523404598236084
2.3936824798583984
2.4134528636932373
2.31201434135437
2.1690165996551514
2.1813716888427734
2.188330888748169
2.1964824199676514
2.1651806831359863
2.1455044746398926
2.113201856613159
2.0584545135498047
2.1835098266601563
2.211711883544922
2.2295820713043213
2.262479066848755
2.174437999725342
2.1762754917144775
2.1643855571746826
2.100374937057495
2.129915952682495
2.106473684310913
2.1213271617889404
2.182149648666382
2.2725584506988525
2.2317452430725098
2.186450481414795
2.216493606567383
2.092693328857422
2.108966112136841
2.1717448234558105
2.0580055713653564
2.0900063514709473
2.050849676132202
2.1383438110351563
2.203979015350342
2.0728824138641357
2.177947998046875
2.196268081665039
2.1357781887054443
2.1076736450195313
2.1624252796173096
2.039327383041382
2.0631208419799805
2.052379608154297
2.0867865085601807
2.1276297569274902
2.1951138973236084
2.165527105331421
2.082975387573242
2.129896640777588
2.069767713546753
2.132305860519409
2.06719708442688
1.9260765314102173
1.9091763496398926
1.917325496673584
1.9449602365493774
1.9355814456939697
1.925182819366455
1.9613935947418213
1.9304569959640503
1.9147486686706543
1.9295750856399536
1.9838699102401733
1.9027118682861328
1.8948817253112793
1.9471479654312134
1.9604569673538208
1.9972310066223145
2.0167696475982666
1.9077837467193604
2.0086185932159424
1.9705086946487427
1.9068028926849365
1.8828816413879395
1.8705509901046753
1.8924835920333862
1.950792908668518
1.976666808128357
1.926964521408081
2.010777473449707
1.952978491783142
1.928054690361023
1.8593270778656006
1.853752613067627
1.8909423351287842
1.8640940189361572
1.855707049369812
1.8645358085632324
1.866941213607788
1.8344287872314453
1.8479878902435303
1.8659961223602295
1.930075764656067
1.9203126430511475
1.9464601278305054
1.900411605834961
1.954912543296814
1.915989637374878
