0.0
0.12610909342765808
0.12691643834114075
0.12784135341644287
0.13182638585567474
0.13251571357250214
0.13320428133010864
0.13379144668579102
0.13440223038196564
0.1364814043045044
0.13682407140731812
1.1501752138137817
1.0671508312225342
1.2768968343734741
1.2437585592269897
1.386139988899231
1.3113598823547363
1.4479773044586182
1.5336976051330566
1.4748231172561646
1.5361422300338745
1.464406967163086
1.5335745811462402
1.5577799081802368
1.4611873626708984
1.4950315952301025
1.558167815208435
1.5280941724777222
1.4333505630493164
1.4765353202819824
1.4815711975097656
1.6324903964996338
1.7547225952148438
1.7280898094177246
1.8168556690216064
1.7702468633651733
1.7547621726989746
1.7269723415374756
1.7020752429962158
1.751953363418579
1.7371835708618164
1.6115362644195557
1.6385606527328491
1.6338361501693726
1.685200810432434
1.7322518825531006
1.6563063859939575
1.621485710144043
1.6883914470672607
1.7164593935012817
1.6336716413497925
1.6490892171859741
1.6798990964889526
1.7394216060638428
1.7166646718978882
1.690822958946228
1.6746207475662231
1.726165771484375
1.7740693092346191
1.828987956047058
1.8481390476226807
1.852143406867981
1.7709071636199951
1.7610955238342285
1.6347987651824951
1.6729159355163574
1.7339342832565308
1.680837631225586
1.7601335048675537
1.7650933265686035
1.809052586555481
1.6848182678222656
1.620909571647644
1.6680353879928589
1.6950829029083252
1.7435582876205444
1.7474846839904785
1.7150382995605469
1.7078076601028442
1.8015512228012085
1.7924264669418335
1.8565778732299805
1.841333270072937
1.8815717697143555
1.912566065788269
1.8082492351531982
1.8426798582077026
1.7223498821258545
1.733866572380066
1.785814881324768
1.8573390245437622
1.874192714691162
1.929711937904358
1.9894064664840698
1.858530879020691
1.7017643451690674
1.7639609575271606
1.7321528196334839
1.7261165380477905
1.6674559116363525
1.7080203294754028
1.729027509689331
1.7002754211425781
1.7132728099822998
1.780580759048462
1.8021703958511353
1.8571269512176514
1.8128479719161987
1.716247320175171
1.7854270935058594
1.7462236881256104
1.8050216436386108
1.7725213766098022
1.7970424890518188
1.8011289834976196
1.7761348485946655
1.905639886856079
1.9195486307144165
1.844430685043335
1.848418951034546
1.875911831855774
1.851458191871643
1.9094537496566772
1.970838189125061
2.0239651203155518
2.1133687496185303
2.1111793518066406
2.1887753009796143
2.2949154376983643
2.1524386405944824
2.1824228763580322
2.3034119606018066
2.2820422649383545
2.144707202911377
2.0611624717712402
2.0458974838256836
2.0547091960906982
2.004579544067383
2.1857688426971436
2.1668012142181396
2.239698886871338
2.1934425830841064
2.149672031402588
2.04268479347229
2.096082925796509
2.1854770183563232
2.198103189468384
2.12488055229187
2.1438827514648438
2.33138108253479
2.186525821685791
2.120723009109497
1.984559416770935
2.05936336517334
2.018784999847412
1.9954956769943237
2.0380260944366455
2.023423194885254
2.003957748413086
1.9796139001846313
2.064164161682129
1.9954105615615845
2.108276844024658
2.0974161624908447
2.1232309341430664
2.0649540424346924
2.0426673889160156
2.0415608882904053
2.059232234954834
2.0462493896484375
2.078880548477173
2.1053738594055176
2.1306004524230957
2.1905033588409424
2.1608541011810303
2.1517720222473145
2.2076125144958496
2.2397358417510986
2.4061272144317627
2.312490224838257
2.243656635284424
2.218193531036377
2.2046329975128174
2.265780210494995
2.1584084033966064
2.1948442459106445
2.1662728786468506
2.120032787322998
2.1065971851348877
2.072634220123291
2.126950740814209
2.1751976013183594
2.1705827713012695
2.133091688156128
2.2432861328125
2.1875791549682617
2.23201322555542
2.2697811126708984
2.3078434467315674
2.296520471572876
2.4266321659088135
2.307426929473877
2.1875
2.1941299438476563
2.0499651432037354
2.1235125064849854
2.0312352180480957
2.096991539001465
2.0487759113311768
2.0851778984069824
2.1549487113952637
2.1122307777404785
2.1412811279296875
2.1730830669403076
2.0443379878997803
2.0136289596557617
2.109438180923462
2.126007318496704
2.0967867374420166
2.049424409866333
1.956404209136963
2.053659439086914
2.051602602005005
2.1637115478515625
2.1526689529418945
2.1512444019317627
2.111534595489502
2.1563847064971924
2.061843156814575
2.0885496139526367
2.066450834274292
2.0463380813598633
2.100830554962158
2.1167056560516357
2.1425392627716064
2.138662815093994
2.1601881980895996
2.0934367179870605
2.1748833656311035
2.2575693130493164
2.1921322345733643
2.230055332183838
2.327841281890869
2.288560152053833
2.282418966293335
2.172366142272949
2.183943510055542
2.150830030441284
2.2408628463745117
2.28845477104187
2.2120118141174316
2.230527639389038
2.248337745666504
2.2355875968933105
2.17697811126709
2.0535919666290283
2.083620071411133
2.080895185470581
2.150479316711426
2.1613693237304688
2.241468906402588
2.2025952339172363
2.2161178588867188
2.367668628692627
2.3511385917663574
2.3566184043884277
2.4035069942474365
2.3479762077331543
