0.0
0.11467015743255615
0.11608999967575073
0.1179046556353569
0.11836401373147964
0.11875724047422409
0.11918280273675919
0.11963806301355362
0.12038613110780716
0.12090089172124863
0.1212516576051712
1.0497655868530273
1.02116858959198
1.3048381805419922
1.2552788257598877
1.354007363319397
1.3169012069702148
1.4053504467010498
1.3642736673355103
1.4522244930267334
1.4764045476913452
1.480076789855957
1.4379264116287231
1.5859148502349854
1.640221118927002
1.6432689428329468
1.6470545530319214
1.5906747579574585
1.6809948682785034
1.6764107942581177
1.7570972442626953
1.7321335077285767
1.655386209487915
1.7054764032363892
1.747753620147705
1.8002923727035522
1.8459502458572388
1.7561842203140259
1.7969062328338623
1.7840909957885742
1.805774211883545
1.7470494508743286
1.6976821422576904
1.7313028573989868
1.738690733909607
1.7774291038513184
1.796036720275879
1.8735066652297974
1.8878024816513062
1.8455548286437988
1.828598976135254
1.7920514345169067
1.8232612609863281
1.8598614931106567
1.7342876195907593
1.7606264352798462
1.741104006767273
1.7979952096939087
1.7442288398742676
1.755706787109375
1.8016653060913086
1.7984381914138794
1.7099939584732056
1.7421019077301025
1.7275325059890747
1.7429991960525513
1.7598401308059692
1.7454339265823364
1.743014931678772
1.734196424484253
1.7673380374908447
1.783374309539795
1.7432969808578491
1.750555157661438
1.732420802116394
1.8236265182495117
1.786644458770752
1.7994742393493652
1.7706537246704102
1.8086110353469849
1.749701976776123
1.7605247497558594
1.7950180768966675
1.8504842519760132
1.8777037858963013
1.927547812461853
1.9037563800811768
1.8971894979476929
2.00803542137146
1.999053955078125
2.0484726428985596
2.1085760593414307
2.1323859691619873
2.076090097427368
2.0523462295532227
2.159569263458252
2.2055654525756836
2.048945426940918
2.064586639404297
2.0020508766174316
2.0010907649993896
2.012608051300049
1.9947766065597534
1.9204919338226318
1.8090596199035645
1.8320634365081787
1.8526190519332886
1.830877423286438
1.844472050666809
1.8405123949050903
1.8746235370635986
1.880499243736267
1.8967771530151367
1.9769412279129028
1.9396679401397705
1.8830446004867554
1.8176008462905884
1.8240447044372559
1.8760466575622559
1.834330677986145
1.8526885509490967
1.8489677906036377
1.8872772455215454
1.8839434385299683
1.943437099456787
1.9225575923919678
1.9248371124267578
1.8530992269515991
1.913061261177063
1.9660799503326416
1.899794340133667
1.963330864906311
1.9147064685821533
1.915916919708252
1.8444875478744507
1.9485973119735718
1.961233377456665
1.9732303619384766
1.9373044967651367
1.9664937257766724
2.0017263889312744
1.9973851442337036
2.0521745681762695
1.9497241973876953
1.911359190940857
1.9529811143875122
1.9778162240982056
1.9501172304153442
1.916887879371643
1.8542009592056274
2.007814884185791
1.9641066789627075
1.9968229532241821
1.9989845752716064
2.0022268295288086
2.088284969329834
2.1701698303222656
2.084860324859619
2.1376161575317383
2.118520975112915
2.12743878364563
2.121663808822632
2.2369682788848877
2.2033307552337646
2.264643907546997
2.282163143157959
2.318178653717041
2.2768149375915527
2.1971516609191895
2.2712950706481934
2.227430582046509
2.2287845611572266
2.3038809299468994
2.288465738296509
2.2237913608551025
2.2384002208709717
2.1683707237243652
2.2366604804992676
2.223729372024536
2.241922378540039
2.1785264015197754
2.1260793209075928
2.1067018508911133
2.0620639324188232
2.0845932960510254
2.039706230163574
2.0690817832946777
2.021178960800171
2.083678960800171
2.042728900909424
2.003476858139038
2.1295971870422363
2.163498640060425
2.1113061904907227
2.0654096603393555
2.0307114124298096
2.088993787765503
2.0687096118927
2.074481964111328
2.0731406211853027
2.0853214263916016
2.0466558933258057
2.0168912410736084
2.003573179244995
2.013899326324463
2.0476467609405518
2.099259376525879
2.1846280097961426
2.252967119216919
2.1976795196533203
2.201413631439209
2.0855109691619873
2.0330162048339844
2.01943039894104
2.0026373863220215
2.076770782470703
2.0106825828552246
1.9416301250457764
1.9583168029785156
1.9778743982315063
2.0216290950775146
2.0208799839019775
2.0492360591888428
2.0388240814208984
2.1122236251831055
2.088299036026001
2.1326096057891846
2.116969585418701
2.1237752437591553
2.204239845275879
2.123591184616089
2.181772232055664
2.2338998317718506
2.1828131675720215
2.149886131286621
2.1730453968048096
2.205733060836792
2.2082812786102295
2.189068555831909
2.195016384124756
2.283764600753784
2.337254047393799
2.3482255935668945
2.3593788146972656
2.3877530097961426
2.4048728942871094
2.364474058151245
2.3736069202423096
2.3342905044555664
2.4431233406066895
2.438368797302246
2.4402124881744385
2.4953114986419678
2.55645751953125
2.5474648475646973
2.6002309322357178
2.686471700668335
2.6381940841674805
2.6952171325683594
2.6698672771453857
2.523966073989868
2.4345386028289795
2.445924997329712
2.453627586364746
2.4038569927215576
2.485790491104126
2.448324680328369
2.3071541786193848
