0.0
0.13706231117248535
0.14514169096946716
0.14657853543758392
0.1476968675851822
0.1484805792570114
0.14938905835151672
0.1500510275363922
0.1535833775997162
0.15507915616035461
0.15561988949775696
1.0656020641326904
1.0718530416488647
1.2519272565841675
1.2235519886016846
1.3086881637573242
1.2546898126602173
1.4286715984344482
1.485375165939331
1.4806625843048096
1.5245877504348755
1.4956556558609009
1.503633975982666
1.5127671957015991
1.5574904680252075
1.5725154876708984
1.6376550197601318
1.6612069606781006
1.677783489227295
1.6306716203689575
1.6541144847869873
1.6928092241287231
1.59895920753479
1.5874441862106323
1.6279587745666504
1.6604112386703491
1.7430469989776611
1.7795878648757935
1.7517801523208618
1.7863686084747314
1.722766637802124
1.831225037574768
1.8760676383972168
1.8631538152694702
1.8654834032058716
1.8768320083618164
1.9268615245819092
1.9072197675704956
1.9279229640960693
1.9356555938720703
1.9578408002853394
1.959143042564392
1.9123121500015259
2.0517942905426025
2.085867404937744
2.107113838195801
2.067086935043335
2.1245694160461426
2.1180331707000732
1.9920138120651245
1.9759275913238525
1.946813702583313
1.971346378326416
1.9371737241744995
1.9357597827911377
1.891004204750061
1.8625599145889282
1.9231462478637695
1.970140814781189
2.015056848526001
1.987040638923645
1.874001145362854
1.8451882600784302
1.8632545471191406
1.8845710754394531
1.9173396825790405
1.926561713218689
1.9198580980300903
1.822267770767212
1.850873589515686
1.91920804977417
1.8756747245788574
1.8534202575683594
1.8868824243545532
1.9130430221557617
1.9266363382339478
1.9542711973190308
1.9384249448776245
1.9274502992630005
1.9258657693862915
1.9453223943710327
1.933180570602417
1.9229662418365479
1.9410247802734375
1.9188225269317627
1.858830451965332
1.8568540811538696
1.8049594163894653
1.794967770576477
1.8691425323486328
1.931553602218628
1.894819974899292
1.8895165920257568
1.902174949645996
1.9041591882705688
1.9156395196914673
1.986806035041809
1.9880388975143433
2.0399391651153564
2.0610973834991455
2.0601160526275635
2.134575843811035
2.090334177017212
2.093592882156372
2.1427958011627197
2.1294984817504883
2.044844150543213
2.0246496200561523
2.0376687049865723
2.129230260848999
2.123079299926758
2.306394100189209
2.2897825241088867
2.2782020568847656
2.2667582035064697
2.268265724182129
2.291267156600952
2.39139461517334
2.454106330871582
2.4342410564422607
2.4790523052215576
2.5094969272613525
2.5672085285186768
2.5192341804504395
2.4602577686309814
2.402401924133301
2.383452892303467
2.426408052444458
2.454227924346924
2.57975435256958
2.5712549686431885
2.4854729175567627
2.462181806564331
2.325493574142456
2.369965076446533
2.3083624839782715
2.305436134338379
2.259998083114624
2.290442943572998
2.2586729526519775
2.18639874458313
2.253708600997925
2.228693962097168
2.3134939670562744
2.3128631114959717
2.342151165008545
2.322993755340576
2.283911943435669
2.2607758045196533
2.278428554534912
2.215740442276001
2.135810613632202
2.145261764526367
2.187868595123291
2.1667165756225586
2.148615598678589
2.120046615600586
2.2143280506134033
2.232465982437134
2.2169487476348877
2.190089464187622
2.19736647605896
2.2110066413879395
2.3318331241607666
2.2916343212127686
2.1820318698883057
2.1400692462921143
2.142172336578369
2.076725721359253
2.0692148208618164
2.175779104232788
2.1351752281188965
2.164212465286255
2.254826784133911
2.263746738433838
2.283790349960327
2.332669734954834
2.2469613552093506
2.2829670906066895
2.285759210586548
2.2395670413970947
2.235405921936035
2.221128225326538
2.2975103855133057
2.2228941917419434
2.249748706817627
2.294020891189575
2.3318188190460205
2.3218212127685547
2.360032558441162
2.2582273483276367
2.152787208557129
2.23246693611145
2.2399072647094727
2.1527342796325684
2.142425060272217
2.2208003997802734
2.2141034603118896
2.2711222171783447
2.343985080718994
2.3560950756073
2.3515381813049316
2.267603635787964
2.2334344387054443
2.2524337768554688
2.290292978286743
2.2087137699127197
2.1963086128234863
2.192671775817871
2.2270922660827637
2.189396381378174
2.214938163757324
2.231203556060791
2.2062768936157227
2.2338972091674805
2.1718060970306396
2.2727181911468506
2.2447500228881836
2.2718913555145264
2.2552995681762695
2.2278175354003906
2.2825446128845215
2.3671560287475586
2.297610282897949
2.347707986831665
2.2715587615966797
2.267960548400879
2.2654104232788086
2.3469314575195313
2.269319534301758
2.3301563262939453
2.3448448181152344
2.311915159225464
2.308767795562744
2.2758307456970215
2.267991781234741
2.2368903160095215
2.1841018199920654
2.195842742919922
2.1447882652282715
2.1166293621063232
2.1032190322875977
2.1587743759155273
2.110835313796997
2.1036503314971924
2.004725456237793
1.9837576150894165
2.0243802070617676
2.021050453186035
2.052793025970459
2.1131999492645264
2.100314140319824
2.1385016441345215
2.1324410438537598
2.1609771251678467
2.120816230773926
2.1113176345825195
2.085803747177124
