0.0
0.19015569984912872
0.19093140959739685
0.19247131049633026
0.19412341713905334
0.1977752298116684
0.20259150862693787
0.20775659382343292
0.2097160816192627
0.2114800363779068
0.2155117690563202
1.1061421632766724
1.0388331413269043
1.2341982126235962
1.1599007844924927
1.218252182006836
1.131410837173462
1.2555774450302124
1.3487263917922974
1.464116096496582
1.395853877067566
1.3993487358093262
1.4471532106399536
1.4657644033432007
1.4983638525009155
1.5170611143112183
1.5030900239944458
1.593377947807312
1.6148476600646973
1.5513103008270264
1.584876298904419
1.552136778831482
1.597868800163269
1.5395944118499756
1.5549654960632324
1.6609293222427368
1.6183862686157227
1.7105295658111572
1.6834145784378052
1.680861473083496
1.6954973936080933
1.6939496994018555
1.6871212720870972
1.6746115684509277
1.6730499267578125
1.6992822885513306
1.6923549175262451
1.7143384218215942
1.728910207748413
1.7431811094284058
1.7453293800354004
1.7294200658798218
1.6567230224609375
1.6294103860855103
1.726689100265503
1.7269618511199951
1.791527271270752
1.8363070487976074
1.7884384393692017
1.8513411283493042
1.8089690208435059
1.7624768018722534
1.8500527143478394
1.7869337797164917
1.7153645753860474
1.7020859718322754
1.738397479057312
1.7264407873153687
1.7438218593597412
1.6899628639221191
1.7899399995803833
1.7763822078704834
1.7232688665390015
1.7202837467193604
1.7611535787582397
1.8078733682632446
1.7869561910629272
1.8056432008743286
1.8114155530929565
1.798688530921936
1.814824104309082
1.7439128160476685
1.7667282819747925
1.7565690279006958
1.8115676641464233
1.8152614831924438
1.835742473602295
1.8728851079940796
1.8720333576202393
1.827908992767334
1.8655768632888794
1.8885838985443115
1.8380489349365234
1.8798425197601318
1.8646153211593628
1.8822101354599
1.8819741010665894
1.9744563102722168
1.9238145351409912
2.0021586418151855
2.0361177921295166
1.96461021900177
1.9922760725021362
1.9638780355453491
1.9571778774261475
2.024555206298828
1.950486421585083
2.012125253677368
2.04003643989563
2.00981068611145
2.0161824226379395
1.9195070266723633
1.9504673480987549
1.9685797691345215
1.9844515323638916
2.0969347953796387
2.1985208988189697
2.1827871799468994
2.1994428634643555
2.1018197536468506
2.0819709300994873
2.0855023860931396
2.050349473953247
2.0366861820220947
2.0882046222686768
2.0467631816864014
2.0744192600250244
2.0639679431915283
2.1563897132873535
2.1709401607513428
2.191864490509033
2.1906144618988037
2.1079413890838623
2.1906511783599854
2.186189889907837
2.2093217372894287
2.2409379482269287
2.2214834690093994
2.224581003189087
2.219970226287842
2.141798496246338
2.1477484703063965
2.08596134185791
2.1669650077819824
2.1177451610565186
2.0742428302764893
2.087751626968384
2.087974786758423
2.1354258060455322
2.076598644256592
2.081271171569824
2.1417429447174072
2.1479318141937256
2.194149971008301
2.1508841514587402
2.171647548675537
2.168846368789673
2.122025489807129
2.102055788040161
2.1043477058410645
2.1108670234680176
2.1907496452331543
2.180743932723999
2.129329204559326
2.131014108657837
2.202334403991699
1.997007966041565
2.1010375022888184
2.116955041885376
2.072936773300171
2.119232416152954
2.1413733959198
2.2076609134674072
2.227827310562134
2.341252565383911
2.390925884246826
2.325876474380493
2.2883832454681396
2.3312880992889404
2.3292183876037598
2.154588222503662
2.138486623764038
2.2063772678375244
2.0675864219665527
2.1380667686462402
2.1397764682769775
2.157386541366577
2.202052593231201
2.1524713039398193
2.1151928901672363
2.1725215911865234
2.128506898880005
2.1623449325561523
2.1947391033172607
2.140659809112549
2.2369673252105713
2.1844289302825928
2.1202516555786133
2.167499303817749
2.203888416290283
2.1575210094451904
2.0817389488220215
2.1986565589904785
2.093560218811035
2.111604690551758
2.2163708209991455
2.24316668510437
2.23483943939209
2.183256149291992
2.2426931858062744
2.144324541091919
2.2012364864349365
2.1550896167755127
2.220924139022827
2.1248652935028076
2.1763484477996826
2.1310510635375977
2.117598533630371
2.2608284950256348
2.224681854248047
2.122096538543701
2.186011791229248
2.1804075241088867
2.1012420654296875
2.1080098152160645
2.134333372116089
2.1614136695861816
2.287104606628418
2.2481513023376465
2.308459758758545
2.2980549335479736
2.2928268909454346
2.2383973598480225
2.2279958724975586
2.2261765003204346
2.1587343215942383
2.1390366554260254
2.176199197769165
2.192869186401367
2.1886940002441406
2.1903164386749268
2.231952428817749
2.294865369796753
2.3263707160949707
2.252322196960449
2.335841655731201
2.264613389968872
2.2438549995422363
2.3314220905303955
2.21260929107666
2.213313102722168
2.1401541233062744
2.1458537578582764
2.169133186340332
2.148709774017334
2.1432297229766846
2.1752214431762695
2.1547746658325195
2.098165512084961
2.161987781524658
2.095909357070923
2.133878469467163
2.1578352451324463
2.112084150314331
2.168073892593384
2.1699252128601074
2.1991584300994873
2.2717721462249756
