0.0
0.1235761046409607
0.12574437260627747
0.12647439539432526
0.12719368934631348
0.12801478803157806
0.12941627204418182
0.1350046992301941
0.1463177651166916
0.15044356882572174
0.15194493532180786
0.9951440095901489
0.9567515254020691
1.1217668056488037
1.0927677154541016
1.1799073219299316
1.1578315496444702
1.2827249765396118
1.2899540662765503
1.3188607692718506
1.2978904247283936
1.3576151132583618
1.3759565353393555
1.4247405529022217
1.4094345569610596
1.4193984270095825
1.475352168083191
1.4980456829071045
1.5864120721817017
1.5433584451675415
1.5844899415969849
1.5176111459732056
1.5978553295135498
1.732105016708374
1.680860161781311
1.8791491985321045
1.7921735048294067
1.8194103240966797
1.7904633283615112
1.7858432531356812
1.8250985145568848
1.790794014930725
1.8059817552566528
1.7682403326034546
1.8267799615859985
1.6955032348632813
1.8036906719207764
1.78317391872406
1.8018803596496582
1.7343065738677979
1.7997890710830688
1.7715944051742554
1.8073712587356567
1.7398549318313599
1.7385393381118774
1.7951934337615967
1.7777953147888184
1.7866997718811035
1.8783700466156006
1.92824125289917
1.937302827835083
1.9365724325180054
1.8357030153274536
1.8622369766235352
1.8774358034133911
1.8781695365905762
1.8856003284454346
1.8475489616394043
1.899525761604309
1.909515380859375
1.8889331817626953
1.8615471124649048
1.8906071186065674
1.9265340566635132
1.8614964485168457
1.8079071044921875
1.8902114629745483
1.8320598602294922
1.858148455619812
1.810577154159546
1.8234999179840088
1.796591877937317
1.8436118364334106
1.8843950033187866
1.9667513370513916
1.9384011030197144
1.878294587135315
1.9257383346557617
1.8894816637039185
1.918534278869629
1.869337797164917
1.8921633958816528
1.8838164806365967
1.8979392051696777
1.9346898794174194
1.9697396755218506
2.0438623428344727
1.9847664833068848
1.985918402671814
1.9416650533676147
1.9551289081573486
1.9788185358047485
1.9200940132141113
1.8812355995178223
1.9133692979812622
1.9088419675827026
1.9046342372894287
1.9746135473251343
1.9599580764770508
1.998936653137207
1.9321883916854858
1.925551176071167
1.915898084640503
2.0037155151367188
1.9276148080825806
1.893373727798462
1.8157349824905396
1.8953737020492554
1.896217942237854
1.8780789375305176
1.9055440425872803
1.8547265529632568
1.7690373659133911
1.8516896963119507
1.8160154819488525
1.7703803777694702
1.711561679840088
1.8056811094284058
1.8174452781677246
1.8189396858215332
1.759697437286377
1.8166437149047852
1.8501653671264648
1.8176764249801636
1.789831280708313
1.780248999595642
1.809777021408081
1.8313289880752563
1.8222626447677612
1.8266324996948242
1.8245599269866943
1.8313071727752686
1.8309730291366577
1.8142086267471313
1.8917189836502075
1.834893822669983
1.9898490905761719
1.981776237487793
2.005784511566162
1.9640429019927979
1.9557217359542847
1.9056308269500732
1.9029191732406616
1.9506027698516846
1.9317394495010376
1.945294737815857
1.9700822830200195
1.9790629148483276
2.059040069580078
2.1468162536621094
2.241483688354492
2.1779673099517822
2.2123706340789795
2.2599918842315674
2.1831963062286377
2.121119260787964
2.2581920623779297
2.1293392181396484
2.1129372119903564
2.0161173343658447
2.0017428398132324
1.9732025861740112
1.9343475103378296
1.9737749099731445
1.9815272092819214
2.0501649379730225
2.185530424118042
2.1385066509246826
2.155024528503418
2.247110366821289
2.228367328643799
2.221540927886963
2.23039174079895
2.2346487045288086
2.2650675773620605
2.303954839706421
2.3109214305877686
2.168304920196533
2.151118516921997
2.2142751216888428
2.179060220718384
2.1055614948272705
2.152315616607666
2.167935609817505
2.130542039871216
2.1531283855438232
2.2319326400756836
2.244382619857788
2.2310538291931152
2.248471260070801
2.3546624183654785
2.4394569396972656
2.357938766479492
2.423050880432129
2.4904940128326416
2.358732223510742
2.3856019973754883
2.495098114013672
2.539895534515381
2.6149117946624756
2.4849679470062256
2.439059257507324
2.53000545501709
2.487088203430176
2.4714455604553223
2.5419301986694336
2.5495688915252686
2.4925310611724854
2.4302337169647217
2.3658201694488525
2.4232065677642822
2.424164056777954
2.39815354347229
2.342848300933838
2.369908332824707
2.4482295513153076
2.427805185317993
2.4527602195739746
2.54693341255188
2.4885048866271973
2.4497194290161133
2.389039993286133
2.4610745906829834
2.5478076934814453
2.5428993701934814
2.5730390548706055
2.4592714309692383
2.478459358215332
2.614656448364258
2.6354527473449707
2.5360147953033447
2.5349581241607666
2.546511173248291
2.4938042163848877
2.426109790802002
2.3761723041534424
2.407235860824585
2.366426944732666
2.3458809852600098
2.188257932662964
2.233161211013794
2.2919018268585205
2.3116343021392822
2.315412759780884
2.309227228164673
2.33853816986084
2.2852869033813477
2.333852529525757
2.3280081748962402
2.236405611038208
2.2061777114868164
2.3492331504821777
2.3430447578430176
2.36259388923645
2.356992483139038
2.337327003479004
2.2407259941101074
2.2747063636779785
