0.0
0.16518491506576538
0.16987639665603638
0.17027834057807922
0.17056936025619507
0.1709177941083908
0.17112429440021515
0.17133937776088715
0.17168566584587097
0.17192694544792175
0.17251349985599518
1.1574369668960571
1.1278048753738403
1.2147074937820435
1.1752454042434692
1.3020739555358887
1.2967132329940796
1.4679157733917236
1.6428749561309814
1.6543086767196655
1.6693788766860962
1.6845672130584717
1.714192271232605
1.752511978149414
1.7691196203231812
1.7912085056304932
1.8356454372406006
1.7595270872116089
1.8143779039382935
1.8331284523010254
1.823445200920105
1.8165724277496338
1.7821142673492432
1.8350321054458618
1.8369399309158325
1.8295329809188843
1.8111865520477295
1.844800353050232
1.8839664459228516
1.8968018293380737
1.9816511869430542
2.0031585693359375
2.170574903488159
2.074228048324585
2.1351826190948486
2.1456658840179443
2.154858350753784
2.2089719772338867
2.173471212387085
2.1432688236236572
2.1466546058654785
2.222325563430786
2.1550819873809814
2.104926586151123
2.09908390045166
2.12544322013855
2.2213337421417236
2.1298747062683105
2.111431837081909
2.1722145080566406
2.1774208545684814
2.054384231567383
1.9941861629486084
2.000934362411499
2.000516176223755
1.9966678619384766
2.0224170684814453
1.993636965751648
1.979893445968628
1.9703047275543213
2.0013139247894287
1.9869344234466553
1.9325941801071167
2.0290284156799316
1.9446384906768799
1.9633091688156128
1.9563101530075073
2.0249993801116943
1.9590710401535034
1.9567497968673706
1.926966905593872
1.965962529182434
1.9036505222320557
1.8987369537353516
1.8948017358779907
1.9600396156311035
2.030276298522949
1.9853606224060059
2.022528886795044
1.9799721240997314
1.993085265159607
1.9592636823654175
1.9778270721435547
1.9324513673782349
1.9632790088653564
1.924496054649353
1.9112399816513062
1.9616470336914063
2.009019613265991
2.015773296356201
2.0652878284454346
2.1512513160705566
2.1873772144317627
2.290079355239868
2.2094497680664063
2.1886072158813477
2.204888343811035
2.1229248046875
2.262946844100952
2.1462485790252686
2.0999248027801514
2.2134745121002197
2.1373043060302734
2.200457811355591
2.2132928371429443
2.1931586265563965
2.140177011489868
2.200913906097412
2.313307285308838
2.3556838035583496
2.384077787399292
2.400745391845703
2.4458603858947754
2.4561045169830322
2.472745656967163
2.4882845878601074
2.501133680343628
2.423131227493286
2.2682933807373047
2.3110191822052
2.4044246673583984
2.422229290008545
2.2605299949645996
2.2471606731414795
2.1903512477874756
2.2894906997680664
2.365678310394287
2.24951434135437
2.258249282836914
2.054532289505005
2.0450963973999023
2.081315279006958
2.080225706100464
2.040168046951294
2.03249192237854
2.1201658248901367
2.103473663330078
2.11445951461792
2.04258394241333
2.050305128097534
2.159705638885498
2.108725070953369
2.133676767349243
2.1303157806396484
2.269270420074463
2.1906769275665283
2.1769516468048096
2.138150691986084
2.153743267059326
2.049405097961426
2.097869396209717
2.0639307498931885
2.040893316268921
2.060504913330078
2.0880467891693115
2.104440450668335
2.0913891792297363
2.0673131942749023
2.1749777793884277
2.210331916809082
2.2924139499664307
2.2293546199798584
2.147874116897583
2.0639588832855225
2.084916830062866
2.060835361480713
2.1301381587982178
2.0751235485076904
2.0797879695892334
2.0870423316955566
2.0950353145599365
2.1315083503723145
2.2554447650909424
2.2278010845184326
2.1867244243621826
2.269888401031494
2.285033702850342
2.394695997238159
2.3620553016662598
2.2316925525665283
2.3264997005462646
2.2803478240966797
2.2667555809020996
2.3471267223358154
2.228830099105835
2.289914846420288
2.323669672012329
2.3202738761901855
2.278332471847534
2.285949468612671
2.3071982860565186
2.240612030029297
2.186800479888916
2.15287709236145
2.1666884422302246
2.23157000541687
2.3016774654388428
2.3167808055877686
2.2602405548095703
2.331021547317505
2.339768648147583
2.323190450668335
2.3684651851654053
2.394637107849121
2.4181387424468994
2.2789134979248047
2.2403347492218018
2.230712890625
2.2456114292144775
2.258918046951294
2.250333547592163
2.2261741161346436
2.2669363021850586
2.2517478466033936
2.273531198501587
2.290172576904297
2.204089879989624
2.1612982749938965
2.1486666202545166
2.129729747772217
2.0849416255950928
2.1302685737609863
2.1028714179992676
2.2030093669891357
2.218773603439331
2.256197214126587
2.239110231399536
2.207245111465454
2.1957175731658936
2.155150890350342
2.197420120239258
2.125598430633545
2.174041271209717
2.1755685806274414
2.1978044509887695
2.1150150299072266
2.191079616546631
2.150674343109131
2.182988166809082
2.2444000244140625
2.2464840412139893
2.250305652618408
2.271116256713867
2.268620491027832
2.234362840652466
2.2560648918151855
2.307180404663086
2.3437867164611816
2.25773024559021
2.2549521923065186
2.218061685562134
2.2019898891448975
2.2817108631134033
2.2723429203033447
2.2461955547332764
2.26564884185791
2.265240430831909
2.210559129714966
